615233 2 0645940
641931 2 0645957
646152 2 0632671
644027 2 0643974
621185 2 0632577
631870 2 0615233
641931 2 0646152
616110 2 0644027
642185 2 0621185
631870 2 1641931
621185 2 0645940
644027 2 0632671
646152 2 0643974
615233 2 1632577
646152 2 0615233
641931 2 0644027
645449 2 0645994
633723 2 0628492
640364 2 0644293
635037 2 0632163
610969 2 1642391
643890 2 0640364
635037 2 1633723
610969 2 1643890
640364 2 0616660
642391 2 0628492
640364 2 0642391
620679 2 0644293
633723 2 0640364
617438 2 0639465
642495 2 0646033
644275 2 0645907
616140 2 1642366
638608 2 1644317
645103 2 0617438
642495 2 0644275
632712 2 0616140
645103 2 1642495
632712 2 0638608
616140 2 0645907
644275 2 0642366
617438 2 0644317
644275 2 0617438
642495 2 1616140
638608 2 0644275
630391 2 0642259
630391 2 0645886
631112 2 0632015
631112 2 1642011
632015 2 0634456
632889 2 0644356
633072 2 1630391
633072 2 0644453
642011 2 0630391
642011 2 0644453
642011 2 0646133
644356 2 0634456
644453 2 1642259
644453 2 0645643
644453 2 0645886
636535 2 0646141
625360 2 0645807
641995 2 0644371
645185 2 0636952
642443 2 0641611
645185 2 0625360
642443 2 0641995
646141 2 0645807
643671 0 -1614428
641611 2 0646141
636535 2 0645570
643671 2 0641611
636535 2 0644371
641932 2 0646157
643651 2 0645806
642280 2 0646383
638690 2 0644393
641930 2 0637174
635538 2 0641196
642280 2 0638690
641930 2 0643651
646157 2 0645806
638690 2 0611116
641196 2 0646157
641932 2 0620445
637174 2 0644393
638690 2 0641196
641932 2 0637174
643651 2 0638690
610973 2 0638547
635509 2 0645678
645464 2 0644719
645568 2 0640669
638706 2 1616073
640038 2 1610973
635509 2 0645464
640855 2 0645568
632845 2 0638706
640855 2 0632845
645678 2 0644719
638706 2 1638547
645464 2 0640669
638706 2 0645678
640038 2 1638706
632845 2 0616073
645818 2 0645583
644256 2 0640475
633989 2 0645501
633077 2 0632691
641940 2 0645818
644432 2 0644256
611196 2 0633989
644432 2 0611196
633989 2 0634773
644256 2 0645583
645818 2 0640475
632691 2 0645501
645818 2 0632691
633077 2 1644256
615233 2 0645940
641931 2 0645957
646152 2 0632671
644027 2 0643974
621185 2 0632577
631870 2 0615233
641931 2 0646152
616110 2 0644027
642185 2 0621185
631870 2 1641931
621185 2 0645940
644027 2 0632671
646152 2 0643974
615233 2 1632577
646152 2 0615233
641931 2 0644027
645449 2 0645994
633723 2 0628492
640364 2 0644293
635037 2 0632163
610969 2 1642391
643890 2 0640364
635037 2 1633723
610969 2 1643890
640364 2 0616660
642391 2 0628492
640364 2 0642391
620679 2 0644293
633723 2 0640364
617438 2 0639465
642495 2 0646033
644275 2 0645907
616140 2 1642366
638608 2 1644317
645103 2 0617438
642495 2 0644275
632712 2 0616140
645103 2 1642495
632712 2 0638608
616140 2 0645907
644275 2 0642366
617438 2 0644317
644275 2 0617438
642495 2 1616140
638608 2 0644275
632015 2 0634456
642011 2 0646133
644453 2 0645886
630391 2 0642259
631112 2 0632015
642011 2 0644453
633072 2 1630391
632889 2 0644356
631112 2 1642011
644356 2 0634456
630391 2 0645886
644453 2 1642259
644453 2 0645643
642011 2 0630391
633072 2 0644453
636535 2 0646141
625360 2 0645807
641995 2 0644371
645185 2 0636952
642443 2 0641611
645185 2 0625360
642443 2 0641995
646141 2 0645807
643671 0 -1614428
641611 2 0646141
636535 2 0645570
643671 2 0641611
636535 2 0644371
641932 2 0646157
643651 2 0645806
642280 2 0646383
638690 2 0644393
641930 2 0637174
635538 2 0641196
642280 2 0638690
641930 2 0643651
646157 2 0645806
638690 2 0611116
641196 2 0646157
641932 2 0620445
637174 2 0644393
638690 2 0641196
641932 2 0637174
643651 2 0638690
610973 2 0638547
635509 2 0645678
645464 2 0644719
645568 2 0640669
638706 2 1616073
640038 2 1610973
635509 2 0645464
640855 2 0645568
632845 2 0638706
640855 2 0632845
645678 2 0644719
638706 2 1638547
645464 2 0640669
638706 2 0645678
640038 2 1638706
632845 2 0616073
611196 2 0633989
632691 2 0645501
633077 2 0632691
633077 2 1644256
633989 2 0634773
633989 2 0645501
641940 2 0645818
644256 2 0640475
644256 2 0645583
644432 2 0611196
644432 2 0644256
645818 2 0632691
645818 2 0640475
645818 2 0645583
615233 - 2 645940 - 0
641931 - 2 645957 - 0
646152 - 2 632671 - 0
644027 - 2 643974 - 0
621185 - 2 632577 - 0
631870 - 2 615233 - 0
641931 - 2 646152 - 0
616110 - 2 644027 - 0
642185 - 2 621185 - 0
631870 - 2 641931 - 1
621185 - 2 645940 - 0
644027 - 2 632671 - 0
646152 - 2 643974 - 0
615233 - 2 632577 - 1
646152 - 2 615233 - 0
641931 - 2 644027 - 0
645449 - 2 645994 - 0
633723 - 2 628492 - 0
640364 - 2 644293 - 0
635037 - 2 632163 - 0
610969 - 2 642391 - 1
643890 - 2 640364 - 0
635037 - 2 633723 - 1
610969 - 2 643890 - 1
640364 - 2 616660 - 0
642391 - 2 628492 - 0
640364 - 2 642391 - 0
620679 - 2 644293 - 0
633723 - 2 640364 - 0
617438 - 2 639465 - 0
642495 - 2 646033 - 0
644275 - 2 645907 - 0
616140 - 2 642366 - 1
638608 - 2 644317 - 1
645103 - 2 617438 - 0
642495 - 2 644275 - 0
632712 - 2 616140 - 0
645103 - 2 642495 - 1
632712 - 2 638608 - 0
616140 - 2 645907 - 0
644275 - 2 642366 - 0
617438 - 2 644317 - 0
644275 - 2 617438 - 0
642495 - 2 616140 - 1
638608 - 2 644275 - 0
630391 - 2 642259 - 0
630391 - 2 645886 - 0
631112 - 2 632015 - 0
631112 - 2 642011 - 1
632015 - 2 634456 - 0
632889 - 2 644356 - 0
633072 - 2 630391 - 1
633072 - 2 644453 - 0
642011 - 2 630391 - 0
642011 - 2 644453 - 0
642011 - 2 646133 - 0
644356 - 2 634456 - 0
644453 - 2 642259 - 1
644453 - 2 645643 - 0
644453 - 2 645886 - 0
636535 - 2 646141 - 0
625360 - 2 645807 - 0
641995 - 2 644371 - 0
645185 - 2 636952 - 0
642443 - 2 641611 - 0
645185 - 2 625360 - 0
642443 - 2 641995 - 0
646141 - 2 645807 - 0
643671 - 0 614428 - -1
641611 - 2 646141 - 0
636535 - 2 645570 - 0
643671 - 2 641611 - 0
636535 - 2 644371 - 0
641932 - 2 646157 - 0
643651 - 2 645806 - 0
642280 - 2 646383 - 0
638690 - 2 644393 - 0
641930 - 2 637174 - 0
635538 - 2 641196 - 0
642280 - 2 638690 - 0
641930 - 2 643651 - 0
646157 - 2 645806 - 0
638690 - 2 611116 - 0
641196 - 2 646157 - 0
641932 - 2 620445 - 0
637174 - 2 644393 - 0
638690 - 2 641196 - 0
641932 - 2 637174 - 0
643651 - 2 638690 - 0
610973 - 2 638547 - 0
635509 - 2 645678 - 0
645464 - 2 644719 - 0
645568 - 2 640669 - 0
638706 - 2 616073 - 1
640038 - 2 610973 - 1
635509 - 2 645464 - 0
640855 - 2 645568 - 0
632845 - 2 638706 - 0
640855 - 2 632845 - 0
645678 - 2 644719 - 0
638706 - 2 638547 - 1
645464 - 2 640669 - 0
638706 - 2 645678 - 0
640038 - 2 638706 - 1
632845 - 2 616073 - 0
611196 - 2 633989 - 0
632691 - 2 645501 - 0
633077 - 2 632691 - 0
633077 - 2 644256 - 1
633989 - 2 634773 - 0
633989 - 2 645501 - 0
641940 - 2 645818 - 0
644256 - 2 640475 - 0
644256 - 2 645583 - 0
644432 - 2 611196 - 0
644432 - 2 644256 - 0
645818 - 2 632691 - 0
645818 - 2 640475 - 0
645818 - 2 645583 - 0
615233 - 2 645940 - 0
641931 - 2 645957 - 0
646152 - 2 632671 - 0
644027 - 2 643974 - 0
621185 - 2 632577 - 0
631870 - 2 615233 - 0
641931 - 2 646152 - 0
616110 - 2 644027 - 0
642185 - 2 621185 - 0
631870 - 2 641931 - 1
621185 - 2 645940 - 0
644027 - 2 632671 - 0
646152 - 2 643974 - 0
615233 - 2 632577 - 1
646152 - 2 615233 - 0
641931 - 2 644027 - 0
645449 - 2 645994 - 0
633723 - 2 628492 - 0
640364 - 2 644293 - 0
635037 - 2 632163 - 0
610969 - 2 642391 - 1
643890 - 2 640364 - 0
635037 - 2 633723 - 1
610969 - 2 643890 - 1
640364 - 2 616660 - 0
642391 - 2 628492 - 0
640364 - 2 642391 - 0
620679 - 2 644293 - 0
633723 - 2 640364 - 0
617438 - 2 639465 - 0
642495 - 2 646033 - 0
644275 - 2 645907 - 0
616140 - 2 642366 - 1
638608 - 2 644317 - 1
645103 - 2 617438 - 0
642495 - 2 644275 - 0
632712 - 2 616140 - 0
645103 - 2 642495 - 1
632712 - 2 638608 - 0
616140 - 2 645907 - 0
644275 - 2 642366 - 0
617438 - 2 644317 - 0
644275 - 2 617438 - 0
642495 - 2 616140 - 1
638608 - 2 644275 - 0
630391 - 2 642259 - 0
630391 - 2 645886 - 0
631112 - 2 632015 - 0
631112 - 2 642011 - 1
632015 - 2 634456 - 0
632889 - 2 644356 - 0
633072 - 2 630391 - 1
633072 - 2 644453 - 0
642011 - 2 630391 - 0
642011 - 2 644453 - 0
642011 - 2 646133 - 0
644356 - 2 634456 - 0
644453 - 2 642259 - 1
644453 - 2 645643 - 0
644453 - 2 645886 - 0
636535 - 2 646141 - 0
625360 - 2 645807 - 0
641995 - 2 644371 - 0
645185 - 2 636952 - 0
642443 - 2 641611 - 0
645185 - 2 625360 - 0
642443 - 2 641995 - 0
646141 - 2 645807 - 0
643671 - 0 614428 - -1
641611 - 2 646141 - 0
636535 - 2 645570 - 0
643671 - 2 641611 - 0
636535 - 2 644371 - 0
641932 - 2 646157 - 0
643651 - 2 645806 - 0
642280 - 2 646383 - 0
638690 - 2 644393 - 0
641930 - 2 637174 - 0
635538 - 2 641196 - 0
642280 - 2 638690 - 0
641930 - 2 643651 - 0
646157 - 2 645806 - 0
638690 - 2 611116 - 0
641196 - 2 646157 - 0
641932 - 2 620445 - 0
637174 - 2 644393 - 0
638690 - 2 641196 - 0
641932 - 2 637174 - 0
643651 - 2 638690 - 0
610973 - 2 638547 - 0
635509 - 2 645678 - 0
645464 - 2 644719 - 0
645568 - 2 640669 - 0
638706 - 2 616073 - 1
640038 - 2 610973 - 1
635509 - 2 645464 - 0
640855 - 2 645568 - 0
632845 - 2 638706 - 0
640855 - 2 632845 - 0
645678 - 2 644719 - 0
638706 - 2 638547 - 1
645464 - 2 640669 - 0
638706 - 2 645678 - 0
640038 - 2 638706 - 1
632845 - 2 616073 - 0
611196 - 2 633989 - 0
632691 - 2 645501 - 0
633077 - 2 632691 - 0
633077 - 2 644256 - 1
633989 - 2 634773 - 0
633989 - 2 645501 - 0
641940 - 2 645818 - 0
644256 - 2 640475 - 0
644256 - 2 645583 - 0
644432 - 2 611196 - 0
644432 - 2 644256 - 0
645818 - 2 632691 - 0
645818 - 2 640475 - 0
645818 - 2 645583 - 0
615233 - 2 645940 - 0
641931 - 2 645957 - 0
646152 - 2 632671 - 0
644027 - 2 643974 - 0
621185 - 2 632577 - 0
631870 - 2 615233 - 0
641931 - 2 646152 - 0
616110 - 2 644027 - 0
642185 - 2 621185 - 0
631870 - 2 641931 - 1
616110 - 0 642185 - 2
631870 -  642185 - 
645957 - 0 632671 - 2
621185 - 2 645940 - 0
644027 - 2 632671 - 0
646152 - 2 643974 - 0
615233 - 2 632577 - 1
621185 - 0 644027 - 2
646152 - 2 615233 - 0
641931 - 2 644027 - 0
616110 - 1 646152 - 2
641931 -  646152 - 
616660 - 0 632163 - 2
645449 - 2 645994 - 0
633723 - 2 628492 - 0
620679 - 0 642391 - 2
640364 - 2 644293 - 0
635037 - 2 632163 - 0
645449 - 0 633723 - 2
610969 - 2 642391 - 1
643890 - 2 640364 - 0
635037 - 2 633723 - 1
610969 - 2 643890 - 1
635037 -  610969 - 
645994 - 0 628492 - 2
640364 - 2 616660 - 0
642391 - 2 628492 - 0
645449 - 0 620679 - 2
632163 - 0 644293 - 2
640364 - 2 642391 - 0
620679 - 2 644293 - 0
633723 - 2 640364 - 0
643890 - 1 620679 - 2
633723 -  620679 - 
617438 - 2 639465 - 0
642495 - 2 646033 - 0
644275 - 2 645907 - 0
616140 - 2 642366 - 1
638608 - 2 644317 - 1
645103 - 2 617438 - 0
642495 - 2 644275 - 0
632712 - 2 616140 - 0
641963 - 0 638608 - 2
645103 - 2 642495 - 1
632712 - 2 638608 - 0
645103 -  632712 - 
646033 - 0 645907 - 2
641963 - 0 639465 - 2
616140 - 2 645907 - 0
644275 - 2 642366 - 0
617438 - 2 644317 - 0
639465 - 0 616140 - 2
644275 - 2 617438 - 0
642495 - 2 616140 - 1
638608 - 2 644275 - 0
642495 -  638608 - 
630391 - 2 642259 - 0
630391 - 2 645886 - 0
631112 - 2 632015 - 0
631112 -  632889 - 
631112 - 2 642011 - 1
632015 - 2 634456 - 0
632015 - 0 645643 - 2
632889 - 2 644356 - 0
633072 - 2 630391 - 1
633072 - 0 632889 - 2
633072 - 2 644453 - 0
642011 - 2 630391 - 0
642011 -  633072 - 
642011 - 2 644453 - 0
642011 - 2 646133 - 0
644356 - 0 630391 - 2
644356 - 2 634456 - 0
644453 - 2 642259 - 1
644453 - 2 645643 - 0
644453 - 2 645886 - 0
645643 - 0 644356 - 2
646133 - 0 645886 - 2
614428 - -1 636952 - 0
636535 - 2 646141 - 0
625360 - 2 645807 - 0
645570 - 0 641611 - 2
641995 - 2 644371 - 0
645185 - 2 636952 - 0
636535 - 0 625360 - 2
642443 - 2 641611 - 0
643671 - 1 641995 - 2
645185 - 2 625360 - 0
642443 - 2 641995 - 0
645185 -  642443 - 
646141 - 2 645807 - 0
643671 - 0 614428 - -1
641611 - 2 646141 - 0
636535 - 2 645570 - 0
636952 - 1 644371 - 2
643671 - 2 641611 - 0
636535 - 2 644371 - 0
625360 - 0 643671 - 2
641995 - 0 636535 - 2
643671 -  636535 - 
611116 - 0 637174 - 2
641932 - 2 646157 - 0
643651 - 2 645806 - 0
620445 - 0 641196 - 2
642280 - 2 646383 - 0
638690 - 2 644393 - 0
641930 - 2 637174 - 0
641932 - 1 643651 - 2
635538 - 2 641196 - 0
642280 - 2 638690 - 0
641930 - 2 643651 - 0
635538 - 1 642280 - 2
641930 -  642280 - 
646157 - 2 645806 - 0
646383 - 0 644393 - 2
638690 - 2 611116 - 0
641196 - 2 646157 - 0
641932 - 2 620445 - 0
637174 - 2 644393 - 0
638690 - 2 641196 - 0
641932 - 2 637174 - 0
643651 - 2 638690 - 0
635538 - 1 641932 - 2
643651 -  641932 - 
610973 - 2 638547 - 0
635509 - 2 645678 - 0
645464 - 2 644719 - 0
645568 - 2 640669 - 0
638706 - 2 616073 - 1
640038 - 2 610973 - 1
635509 - 2 645464 - 0
640855 - 2 645568 - 0
632845 - 2 638706 - 0
640038 - 0 635509 - 2
640855 - 2 632845 - 0
635509 -  640855 - 
645678 - 2 644719 - 0
638706 - 2 638547 - 1
645568 - 0 645678 - 2
645464 - 2 640669 - 0
610973 - 0 616073 - 2
638706 - 2 645678 - 0
645464 - 0 616073 - 2
640038 - 2 638706 - 1
632845 - 2 616073 - 0
640038 -  632845 - 
611196 - 2 633989 - 0
611196 - 0 645818 - 2
632691 - 2 645501 - 0
633077 - 2 632691 - 0
633077 - 0 641940 - 2
633077 - 2 644256 - 1
633077 -  645818 - 
633989 - 2 634773 - 0
633989 - 0 644256 - 2
633989 - 2 645501 - 0
634773 - 1 632691 - 2
641940 -  644432 - 
641940 - 2 645818 - 0
644256 - 2 640475 - 0
644256 - 2 645583 - 0
644432 - 2 611196 - 0
644432 - 2 644256 - 0
645818 - 2 632691 - 0
645818 - 2 640475 - 0
645818 - 2 645583 - 0
633078
641869
611116
617585
614428
645597
616073
633073
638814
616660
633078
641869
611116
617585
614428
645597
616073
633073
638814
616660
618585
620445
621186
622186
625360
646597
645636
631112
635555
632015
632163
642869
632692
633692
632712
642238
632889
634073
634078
639966
633989
634456
634773
636555
635539
636539
636535
636952
637174
638547
638608
639814
640966
639465
640038
640364
640475
640669
640855
641196
641611
645488
645130
643891
642444
641963
641995
643238
646636
642259
643652
642366
642391
643444
642495
644652
643671
644891
643974
644027
644256
644275
644319
645319
644356
644371
644393
644432
646130
644719
645103
645185
645449
646488
645501
645568
645570
645583
645643
645678
645806
645807
645818
645886
645907
645940
645957
645994
646033
646133
646141
646152
646157
646383
633078
641869
611116
617585
614428
645597
616073
633073
638814
616660
618585
620445
621186
622186
625360
646597
645636
631112
635555
632015
632163
642869
632692
633692
632712
642238
632889
634073
634078
639966
633989
634456
634773
636555
635539
636539
636535
636952
637174
638547
638608
639814
640966
639465
640038
640364
640475
640669
640855
641196
641611
645488
645130
643891
642444
641963
641995
643238
646636
642259
643652
642366
642391
643444
642495
644652
643671
644891
643974
644027
644256
644275
644319
645319
644356
644371
644393
644432
646130
644719
645103
645185
645449
646488
645501
645568
645570
645583
645643
645678
645806
645807
645818
645886
645907
645940
645957
645994
646033
646133
646141
646152
646157
646383
633078
641869
611116
617585
614428
645597
616073
633073
638814
616660
618585
620445
621186
622186
625360
646597
645636
631112
635555
632015
632163
642869
632692
633692
632712
642238
632889
634073
634078
639966
633989
634456
634773
636555
635539
636539
636535
636952
637174
638547
638608
639814
640966
639465
640038
640364
640475
640669
640855
641196
641611
645488
645130
643891
642444
641963
641995
643238
646636
642259
643652
642366
642391
643444
642495
644652
643671
644891
643974
644027
644256
644275
644319
645319
644356
644371
644393
644432
646130
644719
645103
645185
645449
646488
645501
645568
645570
645583
645643
645678
645806
645807
645818
645886
645907
645940
645957
645994
646033
646133
646141
646152
646157
646383
633078
641869
611116
617585
614428
645597
616073
633073
638814
616660
618585
620445
621186
622186
625360
646597
645636
631112
635555
632015
632163
642869
632692
633692
632712
642238
632889
634073
634078
639966
633989
634456
634773
636555
635539
636539
636535
636952
637174
638547
638608
639814
640966
639465
640038
640364
640475
640669
640855
641196
641611
645488
645130
643891
642444
641963
641995
643238
646636
642259
643652
642366
642391
643444
642495
644652
643671
644891
643974
644027
644256
644275
644319
645319
644356
644371
644393
644432
646130
644719
645103
645185
645449
646488
645501
645568
645570
645583
645643
645678
645806
645807
645818
645886
645907
645940
645957
645994
646033
646133
646141
646152
646157
646383
633078
641869
611116
617585
614428
645597
616073
633073
638814
616660
618585
620445
621186
622186
625360
646597
645636
631112
635555
632015
632163
642869
632692
633692
632712
642238
632889
634073
634078
639966
633989
634456
634773
636555
635539
636539
636535
636952
637174
638547
638608
639814
640966
639465
640038
640364
640475
640669
640855
641196
641611
645488
645130
643891
642444
641963
641995
643238
646636
642259
643652
642366
642391
643444
642495
644652
643671
644891
643974
644027
644256
644275
644319
645319
644356
644371
644393
644432
646130
644719
645103
645185
645449
646488
645501
645568
645570
645583
645643
645678
645806
645807
645818
645886
645907
645940
645957
645994
646033
646133
646141
646152
646157
646383
633078
641869
611116
617585
614428
645597
616073
633073
638814
616660
618585
620445
621186
622186
625360
646597
645636
631112
635555
632015
632163
642869
632692
633692
632712
642238
632889
634073
634078
639966
633989
634456
634773
636555
635539
636539
636535
636952
637174
638547
638608
639814
640966
639465
640038
640364
640475
640669
640855
641196
641611
645488
645130
643891
642444
641963
641995
643238
646636
642259
643652
642366
642391
643444
642495
644652
643671
644891
643974
644027
644256
644275
644319
645319
644356
644371
644393
644432
646130
644719
645103
645185
645449
646488
645501
645568
645570
645583
645643
645678
645806
645807
645818
645886
645907
645940
645957
645994
646033
646133
646141
646152
646157
646383
633078
641869
611116
617585
614428
645597
616073
633073
638814
616660
618585
620445
621186
622186
625360
646597
645636
631112
635555
632015
632163
642869
632692
633692
632712
642238
632889
634073
634078
639966
633989
634456
634773
636555
635539
636539
636535
636952
637174
638547
638608
639814
640966
639465
640038
640364
640475
640669
640855
641196
641611
645488
645130
643891
642444
641963
641995
643238
646636
642259
643652
642366
642391
643444
642495
644652
643671
644891
643974
644027
644256
644275
644319
645319
644356
644371
644393
644432
646130
644719
645103
645185
645449
646488
645501
645568
645570
645583
645643
645678
645806
645807
645818
645886
645907
645940
645957
645994
646033
646133
646141
646152
646157
646383
633078
641869
611116
617585
614428
645597
616073
633073
638814
616660
618585
620445
621186
622186
625360
646597
645636
631112
635555
632015
632163
642869
632692
633692
632712
642238
632889
634073
634078
639966
633989
634456
634773
636555
635539
636539
636535
636952
637174
638547
638608
639814
640966
639465
640038
640364
640475
640669
640855
641196
641611
645488
645130
643891
642444
641963
641995
643238
646636
642259
643652
642366
642391
643444
642495
644652
643671
644891
643974
644027
644256
644275
644319
645319
644356
644371
644393
644432
646130
644719
645103
645185
645449
646488
645501
645568
645570
645583
645643
645678
645806
645807
645818
645886
645907
645940
645957
645994
646033
646133
646141
646152
646157
646383
633078
641869
611116
617585
614428
645597
616073
633073
638814
616660
618585
620445
621186
622186
625360
646597
645636
631112
635555
632015
632163
642869
632692
633692
632712
642238
632889
634073
634078
639966
633989
634456
634773
636555
635539
636539
636535
636952
637174
638547
638608
639814
640966
639465
640038
640364
640475
640669
640855
641196
641611
645488
645130
643891
642444
641963
641995
643238
646636
642259
643652
642366
642391
643444
642495
644652
643671
644891
643974
644027
644256
644275
644319
645319
644356
644371
644393
644432
646130
644719
645103
645185
645449
646488
645501
645568
645570
645583
645643
645678
645806
645807
645818
645886
645907
645940
645957
645994
646033
646133
646141
646152
646157
646383
633078
641869
611116
617585
614428
645597
616073
633073
638814
616660
618585
620445
621186
622186
625360
646597
645636
631112
635555
632015
632163
642869
632692
633692
632712
642238
632889
634073
634078
639966
633989
634456
634773
636555
635539
636539
636535
636952
637174
638547
638608
639814
640966
639465
640038
640364
640475
640669
640855
641196
641611
645488
645130
643891
642444
641963
641995
643238
646636
642259
643652
642366
642391
643444
642495
644652
643671
644891
643974
644027
644256
644275
644319
645319
644356
644371
644393
644432
646130
644719
645103
645185
645449
646488
645501
645568
645570
645583
645643
645678
645806
645807
645818
645886
645907
645940
645957
645994
646033
646133
646141
646152
646157
646383
633078
641869
611116
617585
614428
645597
616073
633073
638814
616660
618585
620445
621186
622186
625360
646597
645636
631112
635555
632015
632163
642869
632692
633692
632712
642238
632889
634073
634078
639966
633989
634456
634773
636555
635539
636539
636535
636952
637174
638547
638608
639814
640966
639465
640038
640364
640475
640669
640855
641196
641611
645488
645130
643891
642444
641963
641995
643238
646636
642259
643652
642366
642391
643444
642495
644652
643671
644891
643974
644027
644256
644275
644319
645319
644356
644371
644393
644432
646130
644719
645103
645185
645449
646488
645501
645568
645570
645583
645643
645678
645806
645807
645818
645886
645907
645940
645957
645994
646033
646133
646141
646152
646157
646383
633078
641869
611116
617585
614428
645597
616073
633073
638814
616660
618585
620445
621186
622186
625360
646597
645636
631112
635555
632015
632163
642869
632692
633692
632712
642238
632889
634073
634078
639966
633989
634456
634773
636555
635539
636539
636535
636952
637174
638547
638608
639814
640966
639465
640038
640364
640475
640669
640855
641196
641611
645488
645130
643891
642444
641963
641995
643238
646636
642259
643652
642366
642391
643444
642495
644652
643671
644891
643974
644027
644256
644275
644319
645319
644356
644371
644393
644432
646130
644719
645103
645185
645449
646488
645501
645568
645570
645583
645643
645678
645806
645807
645818
645886
645907
645940
645957
645994
646033
646133
646141
646152
646157
646383
633078
641869
611116
617585
614428
645597
616073
633073
638814
616660
618585
620445
621186
622186
625360
646597
645636
631112
635555
632015
632163
642869
632692
633692
632712
642238
632889
634073
634078
639966
633989
634456
634773
636555
635539
636539
636535
636952
637174
638547
638608
639814
640966
639465
640038
640364
640475
640669
640855
641196
641611
645488
645130
643891
642444
641963
641995
643238
646636
642259
643652
642366
642391
643444
642495
644652
643671
644891
643974
644027
644256
644275
644319
645319
644356
644371
644393
644432
646130
644719
645103
645185
645449
646488
645501
645568
645570
645583
645643
645678
645806
645807
645818
645886
645907
645940
645957
645994
646033
646133
646141
646152
646157
646383
633078
641869
611116
617585
614428
645597
616073
633073
638814
616660
618585
620445
621186
622186
625360
646597
645636
631112
635555
632015
632163
642869
632692
633692
632712
642238
632889
634073
634078
639966
633989
634456
634773
636555
635539
636539
636535
636952
637174
638547
638608
639814
640966
639465
640038
640364
640475
640669
640855
641196
641611
645488
645130
643891
642444
641963
641995
643238
646636
642259
643652
642366
642391
643444
642495
644652
643671
644891
643974
644027
644256
644275
644319
645319
644356
644371
644393
644432
646130
644719
645103
645185
645449
646488
645501
645568
645570
645583
645643
645678
645806
645807
645818
645886
645907
645940
645957
645994
646033
646133
646141
646152
646157
646383
633078
641869
611116
617585
614428
645597
616073
633073
638814
616660
618585
620445
621186
622186
625360
646597
645636
631112
635555
632015
632163
642869
632692
633692
632712
642238
632889
634073
634078
639966
633989
634456
634773
636555
635539
636539
636535
636952
637174
638547
638608
639814
640966
639465
640038
640364
640475
640669
640855
641196
641611
645488
645130
643891
642444
641963
641995
643238
646636
642259
643652
642366
642391
643444
642495
644652
643671
644891
643974
644027
644256
644275
644319
645319
644356
644371
644393
644432
646130
644719
645103
645185
645449
646488
645501
645568
645570
645583
645643
645678
645806
645807
645818
645886
645907
645940
645957
645994
646033
646133
646141
646152
646157
646383
633078
641869
611116
617585
614428
645597
616073
633073
638814
616660
618585
620445
621186
622186
625360
646597
645636
631112
635555
632015
632163
642869
632692
633692
632712
642238
632889
634073
634078
639966
633989
634456
634773
636555
635539
636539
636535
636952
637174
638547
638608
639814
640966
639465
640038
640364
640475
640669
640855
641196
641611
645488
645130
643891
642444
641963
641995
643238
646636
642259
643652
642366
642391
643444
642495
644652
643671
644891
643974
644027
644256
644275
644319
645319
644356
644371
644393
644432
646130
644719
645103
645185
645449
646488
645501
645568
645570
645583
645643
645678
645806
645807
645818
645886
645907
645940
645957
645994
646033
646133
646141
646152
646157
646383
633078
641869
611116
617585
614428
645597
616073
633073
638814
616660
618585
620445
621186
622186
625360
646597
645636
631112
635555
632015
632163
642869
632692
633692
632712
642238
632889
634073
634078
639966
633989
634456
634773
636555
635539
636539
636535
636952
637174
638547
638608
639814
640966
639465
640038
640364
640475
640669
640855
641196
641611
645488
645130
643891
642444
641963
641995
643238
646636
642259
643652
642366
642391
643444
642495
644652
643671
644891
643974
644027
644256
644275
644319
645319
644356
644371
644393
644432
646130
644719
645103
645185
645449
646488
645501
645568
645570
645583
645643
645678
645806
645807
645818
645886
645907
645940
645957
645994
646033
646133
646141
646152
646157
646383
633078
641869
611116
617585
614428
645597
616073
633073
638814
616660
618585
620445
621186
622186
625360
646597
645636
631112
635555
632015
632163
642869
632692
633692
632712
642238
632889
634073
634078
639966
633989
634456
634773
636555
635539
636539
636535
636952
637174
638547
638608
639814
640966
639465
640038
640364
640475
640669
640855
641196
641611
645488
645130
643891
642444
641963
641995
643238
646636
642259
643652
642366
642391
643444
642495
644652
643671
644891
643974
644027
644256
644275
644319
645319
644356
644371
644393
644432
646130
644719
645103
645185
645449
646488
645501
645568
645570
645583
645643
645678
645806
645807
645818
645886
645907
645940
645957
645994
646033
646133
646141
646152
646157
646383
633078
641869
611116
617585
614428
645597
616073
633073
638814
616660
618585
620445
621186
622186
625360
646597
645636
631112
635555
632015
632163
642869
632692
633692
632712
642238
632889
634073
634078
639966
633989
634456
634773
636555
635539
636539
636535
636952
637174
638547
638608
639814
640966
639465
640038
640364
640475
640669
640855
641196
641611
645488
645130
643891
642444
641963
641995
643238
646636
642259
643652
642366
642391
643444
642495
644652
643671
644891
643974
644027
644256
644275
644319
645319
644356
644371
644393
644432
646130
644719
645103
645185
645449
646488
645501
645568
645570
645583
645643
645678
645806
645807
645818
645886
645907
645940
645957
645994
646033
646133
646141
646152
646157
646383
633078
641869
611116
617585
614428
645597
616073
633073
638814
616660
618585
620445
621186
622186
625360
646597
645636
631112
635555
632015
632163
642869
632692
633692
632712
642238
632889
634073
634078
639966
633989
634456
634773
636555
635539
636539
636535
636952
637174
638547
638608
639814
640966
639465
640038
640364
640475
640669
640855
641196
641611
645488
645130
643891
642444
641963
641995
643238
646636
642259
643652
642366
642391
643444
642495
644652
643671
644891
643974
644027
644256
644275
644319
645319
644356
644371
644393
644432
646130
644719
645103
645185
645449
646488
645501
645568
645570
645583
645643
645678
645806
645807
645818
645886
645907
645940
645957
645994
646033
646133
646141
646152
646157
646383
633078
641869
611116
617585
614428
645597
616073
633073
638814
616660
618585
620445
621186
622186
625360
646597
645636
631112
635555
632015
632163
642869
632692
633692
632712
642238
632889
634073
634078
639966
633989
634456
634773
636555
635539
636539
636535
636952
637174
638547
638608
639814
640966
639465
640038
640364
640475
640669
640855
641196
641611
645488
645130
643891
642444
641963
641995
643238
646636
642259
643652
642366
642391
643444
642495
644652
643671
644891
643974
644027
644256
644275
644319
645319
644356
644371
644393
644432
646130
644719
645103
645185
645449
646488
645501
645568
645570
645583
645643
645678
645806
645807
645818
645886
645907
645940
645957
645994
646033
646133
646141
646152
646157
646383
633078
641869
611116
617585
614428
645597
616073
633073
638814
616660
618585
620445
621186
622186
625360
646597
645636
631112
635555
632015
632163
642869
632692
633692
632712
642238
632889
634073
634078
639966
633989
634456
634773
636555
635539
636539
636535
636952
637174
638547
638608
639814
640966
639465
640038
640364
640475
640669
640855
641196
641611
645488
645130
643891
642444
641963
641995
643238
646636
642259
643652
642366
642391
643444
642495
644652
643671
644891
643974
644027
644256
644275
644319
645319
644356
644371
644393
644432
646130
644719
645103
645185
645449
646488
645501
645568
645570
645583
645643
645678
645806
645807
645818
645886
645907
645940
645957
645994
646033
646133
646141
646152
646157
646383
633078
641869
611116
617585
614428
645597
616073
633073
638814
616660
618585
620445
621186
622186
625360
646597
645636
631112
635555
632015
632163
642869
632692
633692
632712
642238
632889
634073
634078
639966
633989
634456
634773
636555
635539
636539
636535
636952
637174
638547
638608
639814
640966
639465
640038
640364
640475
640669
640855
641196
641611
645488
645130
643891
642444
641963
641995
643238
646636
642259
643652
642366
642391
643444
642495
644652
643671
644891
643974
644027
644256
644275
644319
645319
644356
644371
644393
644432
646130
644719
645103
645185
645449
646488
645501
645568
645570
645583
645643
645678
645806
645807
645818
645886
645907
645940
645957
645994
646033
646133
646141
646152
646157
646383
633078
641869
611116
617585
614428
645597
616073
633073
638814
616660
618585
620445
621186
622186
625360
646597
645636
631112
635555
632015
632163
642869
632692
633692
632712
642238
632889
634073
634078
639966
633989
634456
634773
636555
635539
636539
636535
636952
637174
638547
638608
639814
640966
639465
640038
640364
640475
640669
640855
641196
641611
645488
645130
643891
642444
641963
641995
643238
646636
642259
643652
642366
642391
643444
642495
644652
643671
644891
643974
644027
644256
644275
644319
645319
644356
644371
644393
644432
646130
644719
645103
645185
645449
646488
645501
645568
645570
645583
645643
645678
645806
645807
645818
645886
645907
645940
645957
645994
646033
646133
646141
646152
646157
646383
633078
641869
611116
617585
614428
645597
616073
633073
638814
616660
618585
620445
621186
622186
625360
646597
645636
631112
635555
632015
632163
642869
632692
633692
632712
642238
632889
634073
634078
639966
633989
634456
634773
636555
635539
636539
636535
636952
637174
638547
638608
639814
640966
639465
640038
640364
640475
640669
640855
641196
641611
645488
645130
643891
642444
641963
641995
643238
646636
642259
643652
642366
642391
643444
642495
644652
643671
644891
643974
644027
644256
644275
644319
645319
644356
644371
644393
644432
646130
644719
645103
645185
645449
646488
645501
645568
645570
645583
645643
645678
645806
645807
645818
645886
645907
645940
645957
645994
646033
646133
646141
646152
646157
646383
633078
641869
611116
617585
614428
645597
616073
633073
638814
616660
618585
620445
621186
622186
625360
646597
645636
631112
635555
632015
632163
642869
632692
633692
632712
642238
632889
634073
634078
639966
633989
634456
634773
636555
635539
636539
636535
636952
637174
638547
638608
639814
640966
639465
640038
640364
640475
640669
640855
641196
641611
645488
645130
643891
642444
641963
641995
643238
646636
642259
643652
642366
642391
643444
642495
644652
643671
644891
643974
644027
644256
644275
644319
645319
644356
644371
644393
644432
646130
644719
645103
645185
645449
646488
645501
645568
645570
645583
645643
645678
645806
645807
645818
645886
645907
645940
645957
645994
646033
646133
646141
646152
646157
646383
633078
641869
611116
617585
614428
645597
616073
633073
638814
616660
618585
620445
621186
622186
625360
646597
645636
631112
635555
632015
632163
642869
632692
633692
632712
642238
632889
634073
634078
639966
633989
634456
634773
636555
635539
636539
636535
636952
637174
638547
638608
639814
640966
639465
640038
640364
640475
640669
640855
641196
641611
645488
645130
643891
642444
641963
641995
643238
646636
642259
643652
642366
642391
643444
642495
644652
643671
644891
643974
644027
644256
644275
644319
645319
644356
644371
644393
644432
646130
644719
645103
645185
645449
646488
645501
645568
645570
645583
645643
645678
645806
645807
645818
645886
645907
645940
645957
645994
646033
646133
646141
646152
646157
646383
633078
641869
611116
617585
614428
645597
616073
633073
638814
616660
618585
620445
621186
622186
625360
646597
645636
631112
635555
632015
632163
642869
632692
633692
632712
642238
632889
634073
634078
639966
633989
634456
634773
636555
635539
636539
636535
636952
637174
638547
638608
639814
640966
639465
640038
640364
640475
640669
640855
641196
641611
645488
645130
643891
642444
641963
641995
643238
646636
642259
643652
642366
642391
643444
642495
644652
643671
644891
643974
644027
644256
644275
644319
645319
644356
644371
644393
644432
646130
644719
645103
645185
645449
646488
645501
645568
645570
645583
645643
645678
645806
645807
645818
645886
645907
645940
645957
645994
646033
646133
646141
646152
646157
646383
633078
641869
611116
617585
614428
645597
616073
633073
638814
616660
618585
620445
621186
622186
625360
646597
645636
631112
635555
632015
632163
642869
632692
633692
632712
642238
632889
634073
634078
639966
633989
634456
634773
636555
635539
636539
636535
636952
637174
638547
638608
639814
640966
639465
640038
640364
640475
640669
640855
641196
641611
645488
645130
643891
642444
641963
641995
643238
646636
642259
643652
642366
642391
643444
642495
644652
643671
644891
643974
644027
644256
644275
644319
645319
644356
644371
644393
644432
646130
644719
645103
645185
645449
646488
645501
645568
645570
645583
645643
645678
645806
645807
645818
645886
645907
645940
645957
645994
646033
646133
646141
646152
646157
646383
633078
641869
611116
617585
614428
645597
616073
633073
638814
616660
618585
620445
621186
622186
625360
646597
645636
631112
635555
632015
632163
642869
632692
633692
632712
642238
632889
634073
634078
639966
633989
634456
634773
636555
635539
636539
636535
636952
637174
638547
638608
639814
640966
639465
640038
640364
640475
640669
640855
641196
641611
645488
645130
643891
642444
641963
641995
643238
646636
642259
643652
642366
642391
643444
642495
644652
643671
644891
643974
644027
644256
644275
644319
645319
644356
644371
644393
644432
646130
644719
645103
645185
645449
646488
645501
645568
645570
645583
645643
645678
645806
645807
645818
645886
645907
645940
645957
645994
646033
646133
646141
646152
646157
646383
633078
641869
611116
617585
614428
645597
616073
633073
638814
616660
618585
620445
621186
622186
625360
646597
645636
631112
635555
632015
632163
642869
632692
633692
632712
642238
632889
634073
634078
639966
633989
634456
634773
636555
635539
636539
636535
636952
637174
638547
638608
639814
640966
639465
640038
640364
640475
640669
640855
641196
641611
645488
645130
643891
642444
641963
641995
643238
646636
642259
643652
642366
642391
643444
642495
644652
643671
644891
643974
644027
644256
644275
644319
645319
644356
644371
644393
644432
646130
644719
645103
645185
645449
646488
645501
645568
645570
645583
645643
645678
645806
645807
645818
645886
645907
645940
645957
645994
646033
646133
646141
646152
646157
646383
633078
641869
611116
617585
614428
645597
616073
633073
638814
616660
618585
620445
621186
622186
625360
646597
645636
631112
635555
632015
632163
642869
632692
633692
632712
642238
632889
634073
634078
639966
633989
634456
634773
636555
635539
636539
636535
636952
637174
638547
638608
639814
640966
639465
640038
640364
640475
640669
640855
641196
641611
645488
645130
643891
642444
641963
641995
643238
646636
642259
643652
642366
642391
643444
642495
644652
643671
644891
643974
644027
644256
644275
644319
645319
644356
644371
644393
644432
646130
644719
645103
645185
645449
646488
645501
645568
645570
645583
645643
645678
645806
645807
645818
645886
645907
645940
645957
645994
646033
646133
646141
646152
646157
646383
633078
641869
611116
617585
614428
645597
616073
633073
638814
616660
618585
620445
621186
622186
625360
646597
645636
631112
635555
632015
632163
642869
632692
633692
632712
642238
632889
634073
634078
639966
633989
634456
634773
636555
635539
636539
636535
636952
637174
638547
638608
639814
640966
639465
640038
640364
640475
640669
640855
641196
641611
645488
645130
643891
642444
641963
641995
643238
646636
642259
643652
642366
642391
643444
642495
644652
643671
644891
643974
644027
644256
644275
644319
645319
644356
644371
644393
644432
646130
644719
645103
645185
645449
646488
645501
645568
645570
645583
645643
645678
645806
645807
645818
645886
645907
645940
645957
645994
646033
646133
646141
646152
646157
646383
633078
641869
611116
617585
614428
645597
616073
633073
638814
616660
618585
620445
621186
622186
625360
646597
645636
631112
635555
632015
632163
642869
632692
633692
632712
642238
632889
634073
634078
639966
633989
634456
634773
636555
635539
636539
636535
636952
637174
638547
638608
639814
640966
639465
640038
640364
640475
640669
640855
641196
641611
645488
645130
643891
642444
641963
641995
643238
646636
642259
643652
642366
642391
643444
642495
644652
643671
644891
643974
644027
644256
644275
644319
645319
644356
644371
644393
644432
646130
644719
645103
645185
645449
646488
645501
645568
645570
645583
645643
645678
645806
645807
645818
645886
645907
645940
645957
645994
646033
646133
646141
646152
646157
646383
633078
641869
611116
617585
614428
645597
616073
633073
638814
616660
618585
620445
621186
622186
625360
646597
645636
631112
635555
632015
632163
642869
632692
633692
632712
642238
632889
634073
634078
639966
633989
634456
634773
636555
635539
636539
636535
636952
637174
638547
638608
639814
640966
639465
640038
640364
640475
640669
640855
641196
641611
645488
645130
643891
642444
641963
641995
643238
646636
642259
643652
642366
642391
643444
642495
644652
643671
644891
643974
644027
644256
644275
644319
645319
644356
644371
644393
644432
646130
644719
645103
645185
645449
646488
645501
645568
645570
645583
645643
645678
645806
645807
645818
645886
645907
645940
645957
645994
646033
646133
646141
646152
646157
646383
633078
641869
611116
617585
614428
645597
616073
633073
638814
616660
618585
620445
621186
622186
625360
646597
645636
631112
635555
632015
632163
642869
632692
633692
632712
642238
632889
634073
634078
639966
633989
634456
634773
636555
635539
636539
636535
636952
637174
638547
638608
639814
640966
639465
640038
640364
640475
640669
640855
641196
641611
645488
645130
643891
642444
641963
641995
643238
646636
642259
643652
642366
642391
643444
642495
644652
643671
644891
643974
644027
644256
644275
644319
645319
644356
644371
644393
644432
646130
644719
645103
645185
645449
646488
645501
645568
645570
645583
645643
645678
645806
645807
645818
645886
645907
645940
645957
645994
646033
646133
646141
646152
646157
646383
633078
641869
611116
617585
614428
645597
616073
633073
638814
616660
618585
620445
621186
622186
625360
646597
645636
631112
635555
632015
632163
642869
632692
633692
632712
642238
632889
634073
634078
639966
633989
634456
634773
636555
635539
636539
636535
636952
637174
638547
638608
639814
640966
639465
640038
640364
640475
640669
640855
641196
641611
645488
645130
643891
642444
641963
641995
643238
646636
642259
643652
642366
642391
643444
642495
644652
643671
644891
643974
644027
644256
644275
644319
645319
644356
644371
644393
644432
646130
644719
645103
645185
645449
646488
645501
645568
645570
645583
645643
645678
645806
645807
645818
645886
645907
645940
645957
645994
646033
646133
646141
646152
646157
646383
633078
641869
611116
617585
614428
645597
616073
633073
638814
616660
618585
620445
621186
622186
625360
646597
645636
631112
635555
632015
632163
642869
632692
633692
632712
642238
632889
634073
634078
639966
633989
634456
634773
636555
635539
636539
636535
636952
637174
638547
638608
639814
640966
639465
640038
640364
640475
640669
640855
641196
641611
645488
645130
643891
642444
641963
641995
643238
646636
642259
643652
642366
642391
643444
642495
644652
643671
644891
643974
644027
644256
644275
644319
645319
644356
644371
644393
644432
646130
644719
645103
645185
645449
646488
645501
645568
645570
645583
645643
645678
645806
645807
645818
645886
645907
645940
645957
645994
646033
646133
646141
646152
646157
646383
657444
660623
655067
660410
654007
655031
656067
656009
659895
661623
657145
658444
658544
658957
658959
659086
659117
659167
659296
659734
659799
660347
659809
659825
659850
659882
660895
660114
660115
660168
661347
661410
660531
660599
660781
657444
660623
655067
660410
654007
655031
656067
656009
659895
661623
657145
658444
658544
658957
658959
659086
659117
659167
659296
659734
659799
660347
659809
659825
659850
659882
660895
660114
660115
660168
661347
661410
660531
660599
660781
661067
657444
660623
655067
660410
654007
655031
656067
656009
659895
661623
657145
658444
658544
658957
658959
659086
659117
659167
659296
659734
659799
660347
659809
659825
659850
659882
660895
660114
660115
660168
661347
661410
660531
660599
660781
661067
633078
641869
611116
617585
614428
645597
616073
633073
638814
616660
618585
620445
621186
622186
625360
646597
645636
631112
635555
632015
632163
642869
632692
633692
632712
642238
632889
634073
634078
639966
633989
634456
634773
636555
635539
636539
636535
636952
637174
638547
638608
639814
640966
639465
640038
640364
640475
640669
640855
641196
641611
645488
645130
643891
642444
641963
641995
643238
646636
642259
643652
642366
642391
643444
642495
644652
643671
644891
643974
644027
644256
644275
644319
645319
644356
644371
644393
644432
646130
644719
645103
645185
645449
646488
645501
645568
645570
645583
645643
645678
645806
645807
645818
645886
645907
645940
645957
645994
646033
646133
646141
646152
646157
646383
661346
661118
661401
661396
661378
661356
661139
661359
662356
662359
661153
661156
661213
662213
661220
661223
661236
662236
661241
661337
661248
661253
661340
661274
661263
661344
662344
662274
661278
662378
661282
661286
661297
662297
661310
662310
661349
661320
662337
662340
662346
662349
661393
661364
661366
661367
661372
662372
661371
661376
662376
662393
662396
662401
661346
661118
661401
661396
661378
661356
661139
661359
662356
662359
661153
661156
661213
662213
661220
661223
661236
662236
661241
661337
661248
661253
661340
661274
661263
661344
662344
662274
661278
662378
661282
661286
661297
662297
661310
662310
661349
661320
662337
662340
662346
662349
661393
661364
661366
661367
661372
662372
661371
661376
662376
662393
662396
662401
661346
661118
661401
661396
661378
661356
661139
661359
662356
662359
661153
661156
661213
662213
661220
661223
661236
662236
661241
661337
661248
661253
661340
661274
661263
661344
662344
662274
661278
662378
661282
661286
661297
662297
661310
662310
661349
661320
662337
662340
662346
662349
661393
661364
661366
661367
661372
662372
661371
661376
662376
662393
662396
662401
